22   0   753254   716877   789631 17.3 16.5 18.2   289137   267622   310652 24.4 22.6 26.2   194501   175714   213288 22.4 20.3 24.6  32124  30341  33907   89206   78514   99898 28.3 24.9 31.6 Louisiana                                     LA est00_LA.dat 06OCT2003
22   1    11322     8924    13720 19.6 15.4 23.7     4592     3593     5591 27.0 21.1 32.8     3102     2335     3869 24.8 18.6 30.9  28022  25990  30212                                        Acadia Parish                                 LA est00_LA.dat 06OCT2003
22   3     4517     3482     5551 21.4 16.5 26.4     1520     1181     1859 24.9 19.4 30.5     1033      771     1295 23.1 17.2 28.9  28385  26297  30638                                        Allen Parish                                  LA est00_LA.dat 06OCT2003
22   5     8282     6528    10035 10.5  8.3 12.7     3493     2720     4265 15.0 11.7 18.4     2398     1793     3003 14.2 10.6 17.8  45398  42132  48916                                        Ascension Parish                              LA est00_LA.dat 06OCT2003
22   7     4231     3334     5128 18.4 14.5 22.2     1645     1283     2008 25.5 19.9 31.2     1170      874     1466 24.3 18.2 30.5  31923  29600  34427                                        Assumption Parish                             LA est00_LA.dat 06OCT2003
22   9     9033     7138    10929 23.6 18.6 28.5     3271     2555     3986 30.3 23.7 36.9     2239     1682     2796 28.3 21.2 35.3  24925  23104  26890                                        Avoyelles Parish                              LA est00_LA.dat 06OCT2003
22  11     4754     3748     5761 14.9 11.7 18.0     1821     1414     2228 20.6 16.0 25.2     1257      939     1575 19.1 14.3 24.0  33830  31376  36476                                        Beauregard Parish                             LA est00_LA.dat 06OCT2003
22  13     3342     2633     4050 22.1 17.4 26.8     1262      982     1541 31.1 24.2 38.0      888      664     1112 28.9 21.6 36.2  24861  23041  26825                                        Bienville Parish                              LA est00_LA.dat 06OCT2003
22  15    11651     9252    14050 11.9  9.5 14.4     4860     3810     5909 17.9 14.0 21.7     3254     2455     4053 16.4 12.4 20.5  39570  36800  42548                                        Bossier Parish                                LA est00_LA.dat 06OCT2003
22  17    46472    37069    55874 18.9 15.1 22.7    17967    14123    21810 27.5 21.6 33.4    12124     9177    15071 25.4 19.3 31.6  32265  30072  34616                                        Caddo Parish                                  LA est00_LA.dat 06OCT2003
22  19    25258    20095    30422 14.1 11.2 17.0     9711     7622    11801 20.0 15.7 24.3     6370     4808     7932 18.0 13.6 22.4  36307  33802  38998                                        Calcasieu Parish                              LA est00_LA.dat 06OCT2003
22  21     1906     1498     2314 19.2 15.1 23.3      691      536      846 27.1 21.0 33.2      485      361      609 25.5 19.0 32.0  27411  25416  29561                                        Caldwell Parish                               LA est00_LA.dat 06OCT2003
22  23     1105      863     1346 11.3  8.9 13.8      409      311      506 15.5 11.8 19.2      306      224      388 15.3 11.2 19.4  36018  33403  38837                                        Cameron Parish                                LA est00_LA.dat 06OCT2003
22  25     2584     2034     3134 24.9 19.6 30.1      964      746     1183 35.9 27.8 44.0      675      503      847 34.0 25.4 42.7  23738  21988  25626                                        Catahoula Parish                              LA est00_LA.dat 06OCT2003
22  27     3676     2874     4477 23.8 18.6 28.9     1331     1031     1630 32.5 25.2 39.8      935      696     1174 29.9 22.3 37.5  26100  24177  28176                                        Claiborne Parish                              LA est00_LA.dat 06OCT2003
22  29     4772     3764     5780 24.5 19.4 29.7     1930     1500     2360 35.5 27.6 43.4     1343     1005     1681 33.4 25.0 41.8  23865  22107  25762                                        Concordia Parish                              LA est00_LA.dat 06OCT2003
22  31     5176     4076     6276 20.4 16.1 24.8     2043     1591     2495 29.0 22.6 35.5     1420     1062     1778 27.1 20.3 34.0  29004  26910  31260                                        De Soto Parish                                LA est00_LA.dat 06OCT2003
22  33    59113    47147    71080 14.8 11.8 17.9    21589    16978    26201 20.7 16.3 25.1    14236    10779    17693 18.9 14.3 23.5  37943  35385  40685                                        East Baton Rouge Parish                       LA est00_LA.dat 06OCT2003
22  35     3270     2553     3986 39.9 31.2 48.7     1326     1025     1626 48.4 37.4 59.4      937      697     1177 46.1 34.3 57.9  20566  19030  22227                                        East Carroll Parish                           LA est00_LA.dat 06OCT2003
22  37     3565     2791     4340 18.6 14.6 22.7     1327     1030     1624 25.1 19.5 30.7      923      690     1156 24.1 18.0 30.1  31307  29033  33760                                        East Feliciana Parish                         LA est00_LA.dat 06OCT2003
22  39     8543     6718    10367 25.4 19.9 30.8     3305     2548     4062 32.5 25.0 39.9     2278     1689     2867 30.7 22.8 38.6  22405  20676  24279                                        Evangeline Parish                             LA est00_LA.dat 06OCT2003
22  41     5287     4167     6407 26.1 20.6 31.6     2173     1693     2654 38.1 29.6 46.5     1496     1120     1872 35.6 26.6 44.5  23698  21963  25570                                        Franklin Parish                               LA est00_LA.dat 06OCT2003
22  43     3373     2659     4088 18.2 14.4 22.1     1338     1036     1641 25.9 20.0 31.7      918      683     1153 23.9 17.8 30.0  30757  28523  33166                                        Grant Parish                                  LA est00_LA.dat 06OCT2003
22  45    13687    10779    16595 18.9 14.9 22.9     5707     4461     6953 26.6 20.8 32.5     3857     2901     4813 24.7 18.6 30.9  32019  29705  34514                                        Iberia Parish                                 LA est00_LA.dat 06OCT2003
22  47     6095     4809     7380 20.4 16.1 24.7     2177     1691     2663 25.8 20.1 31.6     1494     1114     1874 23.9 17.8 30.0  29869  27715  32191                                        Iberville Parish                              LA est00_LA.dat 06OCT2003
22  49     2564     2016     3112 16.9 13.3 20.5      927      720     1134 24.4 19.0 29.9      644      480      808 23.0 17.1 28.8  29901  27719  32256                                        Jackson Parish                                LA est00_LA.dat 06OCT2003
22  51    60550    48216    72885 13.5 10.7 16.2    23019    18035    28004 20.6 16.1 25.1    15227    11487    18967 18.7 14.1 23.3  37695  35191  40378                                        Jefferson Parish                              LA est00_LA.dat 06OCT2003
22  53     5551     4381     6721 18.0 14.2 21.8     2239     1750     2727 25.1 19.7 30.6     1540     1157     1923 23.6 17.7 29.5  29083  26964  31367                                        Jefferson Davis Parish                        LA est00_LA.dat 06OCT2003
22  55    26790    21299    32281 14.3 11.4 17.3     9889     7745    12033 19.5 15.2 23.7     6499     4899     8099 17.5 13.2 21.8  37673  35052  40490                                        Lafayette Parish                              LA est00_LA.dat 06OCT2003
22  57    12446     9893    15000 14.0 11.2 16.9     4692     3682     5702 19.7 15.4 23.9     3170     2392     3948 17.9 13.5 22.3  36058  33530  38776                                        Lafourche Parish                              LA est00_LA.dat 06OCT2003
22  59     2171     1707     2636 16.4 12.9 20.0      780      601      959 23.4 18.0 28.8      560      415      705 22.6 16.8 28.5  29359  27187  31703                                        La Salle Parish                               LA est00_LA.dat 06OCT2003
22  61     7636     5966     9305 20.5 16.0 25.0     2360     1836     2883 26.1 20.3 31.9     1563     1173     1953 24.0 18.0 30.0  28493  26362  30795                                        Lincoln Parish                                LA est00_LA.dat 06OCT2003
22  63    10771     8510    13031 11.4  9.0 13.7     4209     3215     5203 15.5 11.9 19.2     2806     2073     3539 14.1 10.4 17.7  40277  37394  43381                                        Livingston Parish                             LA est00_LA.dat 06OCT2003
22  65     3807     3000     4613 30.9 24.4 37.5     1732     1326     2137 44.2 33.9 54.6     1229      907     1551 44.0 32.5 55.6  21277  19709  22971                                        Madison Parish                                LA est00_LA.dat 06OCT2003
22  67     6970     5500     8441 23.5 18.5 28.4     2669     2076     3261 32.6 25.4 39.9     1800     1346     2254 29.9 22.4 37.4  25795  23920  27817                                        Morehouse Parish                              LA est00_LA.dat 06OCT2003
22  69     7977     6268     9686 22.0 17.3 26.7     2731     2125     3337 27.8 21.6 33.9     1828     1369     2287 26.0 19.5 32.6  26809  24843  28930                                        Natchitoches Parish                           LA est00_LA.dat 06OCT2003
22  71   114619    91214   138024 24.8 19.7 29.8    42906    33624    52189 34.5 27.1 42.0    28307    21359    35255 31.2 23.5 38.8  27788  25906  29805                                        Orleans Parish                                LA est00_LA.dat 06OCT2003
22  73    26118    20813    31422 18.4 14.6 22.1    10824     8516    13132 27.3 21.5 33.1     7306     5533     9079 25.2 19.1 31.3  31808  29623  34154                                        Ouachita Parish                               LA est00_LA.dat 06OCT2003
22  75     4030     3185     4876 15.4 12.1 18.6     1562     1221     1904 20.6 16.1 25.1     1071      804     1338 19.0 14.3 23.7  37305  34592  40231                                        Plaquemines Parish                            LA est00_LA.dat 06OCT2003
22  77     4026     3162     4891 18.0 14.2 21.9     1501     1166     1835 25.0 19.4 30.6     1040      777     1303 23.8 17.8 29.8  31675  29401  34125                                        Pointe Coupee Parish                          LA est00_LA.dat 06OCT2003
22  79    22684    17915    27452 18.5 14.6 22.4     8859     6906    10813 26.6 20.7 32.5     5793     4335     7251 23.9 17.9 29.9  30636  28429  33015                                        Rapides Parish                                LA est00_LA.dat 06OCT2003
22  81     2262     1776     2748 24.4 19.2 29.7      934      718     1149 34.4 26.5 42.4      675      498      852 33.3 24.6 42.0  24249  22464  26176                                        Red River Parish                              LA est00_LA.dat 06OCT2003
22  83     5089     4016     6163 25.6 20.2 31.0     1977     1541     2413 35.5 27.6 43.3     1367     1024     1710 34.1 25.6 42.7  24238  22467  26147                                        Richland Parish                               LA est00_LA.dat 06OCT2003
22  85     4309     3402     5216 18.7 14.7 22.6     1633     1271     1995 27.1 21.1 33.1     1144      856     1432 25.7 19.2 32.2  28150  26069  30396                                        Sabine Parish                                 LA est00_LA.dat 06OCT2003
22  87     8553     6781    10326 13.0 10.3 15.7     3073     2397     3749 18.8 14.7 22.9     2102     1579     2625 17.2 12.9 21.4  35711  33166  38450                                        St. Bernard Parish                            LA est00_LA.dat 06OCT2003
22  89     5598     4420     6776 11.6  9.2 14.1     2274     1768     2780 15.9 12.4 19.5     1506     1125     1887 14.0 10.5 17.6  45786  42524  49297                                        St. Charles Parish                            LA est00_LA.dat 06OCT2003
22  91     2349     1734     2964 22.8 16.8 28.7     1014      714     1313 34.5 24.3 44.6      683      462      904 31.0 20.9 41.0  26649  24354  29160                                        St. Helena Parish                             LA est00_LA.dat 06OCT2003
22  93     3435     2685     4184 16.3 12.8 19.9     1391     1069     1713 23.0 17.6 28.3      965      711     1219 21.2 15.6 26.8  35465  32910  38219                                        St. James Parish                              LA est00_LA.dat 06OCT2003
22  95     6841     5424     8258 15.8 12.5 19.0     2941     2303     3579 22.2 17.3 27.0     2001     1508     2494 20.4 15.4 25.5  38674  35887  41677                                        St. John the Baptist Parish                   LA est00_LA.dat 06OCT2003
22  97    20322    16157    24486 23.5 18.7 28.3     7991     6240     9742 31.8 24.9 38.8     5426     4080     6772 29.6 22.2 36.9  23952  22241  25795                                        St. Landry Parish                             LA est00_LA.dat 06OCT2003
22  99     8875     7045    10704 18.4 14.6 22.2     3593     2815     4372 25.5 19.9 31.0     2496     1881     3111 24.2 18.2 30.1  30935  28717  33323                                        St. Martin Parish                             LA est00_LA.dat 06OCT2003
22 101    10335     8061    12610 19.8 15.5 24.2     4186     3259     5114 27.6 21.5 33.7     2812     2104     3520 24.9 18.6 31.2  29797  27605  32162                                        St. Mary Parish                               LA est00_LA.dat 06OCT2003
22 103    19537    15440    23635 10.1  8.0 12.2     7609     5902     9315 14.1 11.0 17.3     5107     3818     6396 12.6  9.4 15.8  50376  46929  54077                                        St. Tammany Parish                            LA est00_LA.dat 06OCT2003
22 105    20895    16468    25322 21.1 16.6 25.6     7744     6031     9458 28.2 22.0 34.4     5232     3921     6543 26.1 19.5 32.6  29332  27202  31627                                        Tangipahoa Parish                             LA est00_LA.dat 06OCT2003
22 107     1981     1550     2412 33.1 25.9 40.3      720      555      885 43.1 33.3 53.0      519      384      654 42.1 31.2 53.0  20635  19092  22301                                        Tensas Parish                                 LA est00_LA.dat 06OCT2003
22 109    16466    13065    19868 15.9 12.6 19.2     6620     5197     8042 22.5 17.6 27.3     4504     3396     5612 20.9 15.8 26.0  36050  33500  38793                                        Terrebonne Parish                             LA est00_LA.dat 06OCT2003
22 111     3777     3000     4553 16.8 13.4 20.3     1418     1111     1725 24.9 19.5 30.2      982      741     1223 23.9 18.1 29.8  29788  27745  31982                                        Union Parish                                  LA est00_LA.dat 06OCT2003
22 113     9277     7362    11192 17.5 13.9 21.1     3751     2929     4574 25.7 20.1 31.3     2618     1966     3270 24.4 18.3 30.5  30415  28307  32679                                        Vermilion Parish                              LA est00_LA.dat 06OCT2003
22 115     6198     4915     7481 12.7 10.0 15.3     2775     2164     3385 18.2 14.2 22.2     1803     1351     2255 17.5 13.1 21.9  32768  30434  35280                                        Vernon Parish                                 LA est00_LA.dat 06OCT2003
22 117     9688     7664    11712 23.0 18.2 27.8     3638     2842     4433 31.9 24.9 38.9     2488     1869     3107 30.1 22.6 37.5  25052  23233  27014                                        Washington Parish                             LA est00_LA.dat 06OCT2003
22 119     6941     5504     8377 17.1 13.5 20.6     2676     2090     3262 26.0 20.3 31.7     1862     1396     2328 24.6 18.4 30.7  29338  27238  31601                                        Webster Parish                                LA est00_LA.dat 06OCT2003
22 121     2951     2331     3571 14.0 11.1 17.0     1218      947     1489 20.9 16.2 25.5      849      634     1064 19.4 14.5 24.4  37574  34885  40472                                        West Baton Rouge Parish                       LA est00_LA.dat 06OCT2003
22 123     2569     2030     3108 22.7 17.9 27.5      923      710     1135 31.5 24.3 38.8      654      484      824 29.7 22.0 37.4  25368  23548  27329                                        West Carroll Parish                           LA est00_LA.dat 06OCT2003
22 125     1925     1350     2500 19.3 13.5 25.0      533      398      669 18.2 13.6 22.8      379      272      486 16.9 12.1 21.6  38779  35696  42129                                        West Feliciana Parish                         LA est00_LA.dat 06OCT2003
22 127     3357     2580     4133 22.5 17.3 27.8     1155      889     1421 28.7 22.1 35.3      806      597     1015 27.0 20.0 34.0  26100  24138  28221                                        Winn Parish                                   LA est00_LA.dat 06OCT2003
