22   0   847739   829070   866408 18.8 18.4 19.2   282297   272616   291978 26.4 25.5 27.3   196521   188104   204938 25.4 24.3 26.5  51108  50529  51687   82040   77490   86590 28.1 26.5 29.7 Louisiana                                     LA est19-la.txt 16NOV2020
22   1    12365     9820    14910 20.3 16.1 24.5     4145     2967     5323 26.5 19.0 34.0     2828     1963     3693 24.6 17.1 32.1  44728  39822  49634                                        Acadia Parish                                 LA est19-la.txt 16NOV2020
22   3     4610     3617     5603 21.6 17.0 26.2     1474     1107     1841 26.1 19.6 32.6      967      687     1247 23.8 16.9 30.7  47111  41585  52637                                        Allen Parish                                  LA est19-la.txt 16NOV2020
22   5    12011     9352    14670  9.6  7.5 11.7     4268     3072     5464 12.9  9.3 16.5     3116     2211     4021 12.7  9.0 16.4  83072  76884  89260                                        Ascension Parish                              LA est19-la.txt 16NOV2020
22   7     4071     3125     5017 18.8 14.4 23.2     1149      798     1500 25.1 17.4 32.8      793      510     1076 23.4 15.0 31.8  51763  46409  57117                                        Assumption Parish                             LA est19-la.txt 16NOV2020
22   9     8980     7352    10608 24.4 20.0 28.8     3163     2553     3773 34.2 27.6 40.8     2090     1477     2703 31.3 22.1 40.5  38316  33722  42910                                        Avoyelles Parish                              LA est19-la.txt 16NOV2020
22  11     5167     4139     6195 14.3 11.4 17.2     1750     1264     2236 19.2 13.9 24.5     1271      899     1643 19.6 13.9 25.3  55343  50203  60483                                        Beauregard Parish                             LA est19-la.txt 16NOV2020
22  13     3137     2462     3812 24.4 19.2 29.6      947      656     1238 32.9 22.8 43.0      661      435      887 31.1 20.5 41.7  37198  32816  41580                                        Bienville Parish                              LA est19-la.txt 16NOV2020
22  15    20339    17867    22811 16.4 14.4 18.4     7875     6735     9015 25.6 21.9 29.3     5725     4873     6577 25.5 21.7 29.3  54080  49364  58796                                        Bossier Parish                                LA est19-la.txt 16NOV2020
22  17    56480    50930    62030 24.1 21.7 26.5    19785    16985    22585 35.8 30.7 40.9    13695    11406    15984 34.2 28.5 39.9  45613  42009  49217                                        Caddo Parish                                  LA est19-la.txt 16NOV2020
22  19    37742    33367    42117 18.9 16.7 21.1    12939    10972    14906 26.0 22.1 29.9     8766     7249    10283 24.6 20.3 28.9  53050  49144  56956                                        Calcasieu Parish                              LA est19-la.txt 16NOV2020
22  21     1818     1355     2281 19.5 14.5 24.5      633      431      835 28.3 19.3 37.3      424      268      580 26.5 16.8 36.2  44007  38664  49350                                        Caldwell Parish                               LA est19-la.txt 16NOV2020
22  23      949      708     1190 13.7 10.2 17.2      274      186      362 18.1 12.3 23.9      193      124      262 17.3 11.1 23.5  60317  53129  67505                                        Cameron Parish                                LA est19-la.txt 16NOV2020
22  25     2275     1746     2804 26.4 20.3 32.5      686      470      902 34.3 23.5 45.1      464      303      625 31.5 20.5 42.5  36794  32300  41288                                        Catahoula Parish                              LA est19-la.txt 16NOV2020
22  27     4135     3287     4983 32.5 25.8 39.2     1070      798     1342 39.4 29.4 49.4      751      545      957 37.8 27.4 48.2  36497  32186  40808                                        Claiborne Parish                              LA est19-la.txt 16NOV2020
22  29     4873     3851     5895 27.5 21.7 33.3     1776     1316     2236 39.4 29.2 49.6     1162      801     1523 35.6 24.5 46.7  36276  32061  40491                                        Concordia Parish                              LA est19-la.txt 16NOV2020
22  31     4898     3786     6010 18.0 13.9 22.1     1554     1069     2039 24.3 16.7 31.9      981      618     1344 20.5 12.9 28.1  47347  42008  52686                                        De Soto Parish                                LA est19-la.txt 16NOV2020
22  33    76011    67905    84117 17.7 15.8 19.6    24105    19805    28405 24.5 20.1 28.9    17229    14150    20308 24.5 20.1 28.9  56303  53569  59037                                        East Baton Rouge Parish                       LA est19-la.txt 16NOV2020
22  35     2221     1641     2801 38.4 28.4 48.4      839      567     1111 52.0 35.1 68.9      560      349      771 47.0 29.3 64.7  29943  26274  33612                                        East Carroll Parish                           LA est19-la.txt 16NOV2020
22  37     3130     2344     3916 18.7 14.0 23.4      797      543     1051 23.8 16.2 31.4      549      356      742 22.5 14.6 30.4  50041  44424  55658                                        East Feliciana Parish                         LA est19-la.txt 16NOV2020
22  39     9115     7798    10432 28.6 24.5 32.7     2706     2032     3380 33.0 24.8 41.2     1840     1342     2338 30.9 22.5 39.3  35146  31034  39258                                        Evangeline Parish                             LA est19-la.txt 16NOV2020
22  41     4990     4003     5977 25.8 20.7 30.9     1917     1393     2441 38.4 27.9 48.9     1334      935     1733 36.8 25.8 47.8  35484  31367  39601                                        Franklin Parish                               LA est19-la.txt 16NOV2020
22  43     3610     2758     4462 18.6 14.2 23.0     1076      753     1399 23.4 16.4 30.4      746      504      988 22.3 15.1 29.5  49544  44583  54505                                        Grant Parish                                  LA est19-la.txt 16NOV2020
22  45    15059    12616    17502 21.9 18.3 25.5     5418     4154     6682 30.8 23.6 38.0     3733     2673     4793 29.3 21.0 37.6  47731  43525  51937                                        Iberia Parish                                 LA est19-la.txt 16NOV2020
22  47     5370     3907     6833 18.7 13.6 23.8     1807     1215     2399 27.7 18.6 36.8     1234      776     1692 26.2 16.4 36.0  55198  51393  59003                                        Iberville Parish                              LA est19-la.txt 16NOV2020
22  49     2827     2178     3476 19.2 14.8 23.6      917      641     1193 27.2 19.0 35.4      649      432      866 25.5 17.0 34.0  43232  38300  48164                                        Jackson Parish                                LA est19-la.txt 16NOV2020
22  51    62709    53669    71749 14.6 12.5 16.7    21839    17126    26552 23.3 18.3 28.3    14739    11247    18231 22.3 17.0 27.6  55909  53931  57887                                        Jefferson Parish                              LA est19-la.txt 16NOV2020
22  53     5877     4799     6955 19.1 15.6 22.6     1970     1483     2457 25.1 18.9 31.3     1377      993     1761 23.9 17.2 30.6  47988  42199  53777                                        Jefferson Davis Parish                        LA est19-la.txt 16NOV2020
22  55    39646    34265    45027 16.6 14.3 18.9    12811    10241    15381 22.5 18.0 27.0     8950     7088    10812 22.0 17.4 26.6  60053  56498  63608                                        Lafayette Parish                              LA est19-la.txt 16NOV2020
22  57    16755    14387    19123 17.5 15.0 20.0     5917     4970     6864 26.8 22.5 31.1     3474     2548     4400 21.6 15.9 27.3  54145  49381  58909                                        Lafourche Parish                              LA est19-la.txt 16NOV2020
22  59     2300     1723     2877 16.9 12.7 21.1      712      494      930 21.4 14.8 28.0      491      323      659 20.1 13.2 27.0  51014  45556  56472                                        La Salle Parish                               LA est19-la.txt 16NOV2020
22  61    12361    10831    13891 29.5 25.9 33.1     3386     2853     3919 37.0 31.2 42.8     2517     2140     2894 38.6 32.8 44.4  41608  36757  46459                                        Lincoln Parish                                LA est19-la.txt 16NOV2020
22  63    16700    13606    19794 12.0  9.8 14.2     5288     3814     6762 15.0 10.8 19.2     3695     2615     4775 14.3 10.1 18.5  63852  58525  69179                                        Livingston Parish                             LA est19-la.txt 16NOV2020
22  65     3855     3071     4639 41.1 32.7 49.5     1390     1023     1757 54.1 39.8 68.4     1003      728     1278 55.0 39.9 70.1  32229  28724  35734                                        Madison Parish                                LA est19-la.txt 16NOV2020
22  67     7449     6321     8577 31.0 26.3 35.7     2364     1737     2991 39.9 29.3 50.5     1620     1118     2122 37.9 26.2 49.6  34922  30872  38972                                        Morehouse Parish                              LA est19-la.txt 16NOV2020
22  69     7047     5539     8555 19.6 15.4 23.8     2072     1267     2877 23.9 14.6 33.2     1396      788     2004 22.2 12.5 31.9  49536  47293  51779                                        Natchitoches Parish                           LA est19-la.txt 16NOV2020
22  71    88917    81125    96709 23.5 21.4 25.6    25387    21585    29189 33.4 28.4 38.4    19898    17230    22566 36.8 31.9 41.7  45092  42911  47273                                        Orleans Parish                                LA est19-la.txt 16NOV2020
22  73    35315    31698    38932 23.9 21.5 26.3    13748    11966    15530 37.4 32.6 42.2     9837     8508    11166 37.0 32.0 42.0  43235  39705  46765                                        Ouachita Parish                               LA est19-la.txt 16NOV2020
22  75     3450     2658     4242 15.1 11.6 18.6     1110      782     1438 18.9 13.3 24.5      772      520     1024 17.7 11.9 23.5  60795  54085  67505                                        Plaquemines Parish                            LA est19-la.txt 16NOV2020
22  77     4312     3461     5163 20.0 16.1 23.9     1265      895     1635 27.6 19.5 35.7      888      607     1169 26.5 18.1 34.9  48011  42216  53806                                        Pointe Coupee Parish                          LA est19-la.txt 16NOV2020
22  79    23052    19667    26437 18.3 15.6 21.0     8158     6645     9671 26.1 21.3 30.9     5259     4045     6473 23.1 17.8 28.4  49687  46892  52482                                        Rapides Parish                                LA est19-la.txt 16NOV2020
22  81     1970     1519     2421 23.9 18.4 29.4      649      440      858 33.7 22.8 44.6      429      269      589 30.6 19.2 42.0  39806  35055  44557                                        Red River Parish                              LA est19-la.txt 16NOV2020
22  83     4810     3846     5774 25.1 20.1 30.1     1732     1304     2160 37.7 28.4 47.0     1169      835     1503 34.7 24.8 44.6  39586  35018  44154                                        Richland Parish                               LA est19-la.txt 16NOV2020
22  85     4296     3395     5197 18.4 14.5 22.3     1362      990     1734 25.1 18.2 32.0      943      651     1235 23.1 15.9 30.3  45486  41524  49448                                        Sabine Parish                                 LA est19-la.txt 16NOV2020
22  87     8967     7436    10498 19.2 15.9 22.5     3409     2569     4249 27.8 20.9 34.7     2399     1756     3042 26.7 19.5 33.9  45806  41504  50108                                        St. Bernard Parish                            LA est19-la.txt 16NOV2020
22  89     5824     4443     7205 11.1  8.5 13.7     2027     1399     2655 16.0 11.0 21.0     1362      890     1834 14.3  9.3 19.3  71579  64532  78626                                        St. Charles Parish                            LA est19-la.txt 16NOV2020
22  91     1952     1454     2450 19.6 14.6 24.6      605      397      813 29.6 19.4 39.8      437      271      603 29.1 18.0 40.2  43376  39261  47491                                        St. Helena Parish                             LA est19-la.txt 16NOV2020
22  93     3455     2681     4229 16.6 12.9 20.3     1130      824     1436 23.8 17.4 30.2      735      486      984 21.2 14.0 28.4  57250  51222  63278                                        St. James Parish                              LA est19-la.txt 16NOV2020
22  95     6780     5068     8492 16.0 11.9 20.1     2648     1803     3493 25.6 17.4 33.8     1818     1175     2461 23.8 15.4 32.2  54944  48955  60933                                        St. John the Baptist Parish                   LA est19-la.txt 16NOV2020
22  97    18256    15047    21465 22.6 18.6 26.6     6340     4778     7902 29.6 22.3 36.9     4263     2996     5530 27.5 19.3 35.7  39599  36094  43104                                        St. Landry Parish                             LA est19-la.txt 16NOV2020
22  99     9811     7853    11769 18.7 15.0 22.4     3267     2357     4177 26.1 18.8 33.4     2354     1644     3064 25.9 18.1 33.7  47247  42005  52489                                        St. Martin Parish                             LA est19-la.txt 16NOV2020
22 101    11532     9715    13349 23.8 20.0 27.6     3692     2838     4546 31.8 24.4 39.2     2775     2105     3445 33.5 25.4 41.6  40918  39280  42556                                        St. Mary Parish                               LA est19-la.txt 16NOV2020
22 103    29707    25554    33860 11.5  9.9 13.1     9529     7586    11472 15.7 12.5 18.9     6230     4734     7726 13.6 10.3 16.9  71526  65973  77079                                        St. Tammany Parish                            LA est19-la.txt 16NOV2020
22 105    28408    24070    32746 21.7 18.4 25.0    10203     8113    12293 31.6 25.1 38.1     6962     5392     8532 30.6 23.7 37.5  47860  42986  52734                                        Tangipahoa Parish                             LA est19-la.txt 16NOV2020
22 107     1247      905     1589 28.9 21.0 36.8      463      306      620 48.0 31.8 64.2      321      199      443 45.0 27.9 62.1  31436  28111  34761                                        Tensas Parish                                 LA est19-la.txt 16NOV2020
22 109    20691    17264    24118 19.0 15.8 22.2     7414     5795     9033 27.3 21.3 33.3     4835     3469     6201 24.6 17.7 31.5  51719  46511  56927                                        Terrebonne Parish                             LA est19-la.txt 16NOV2020
22 111     4187     3315     5059 19.4 15.4 23.4     1471     1093     1849 31.3 23.3 39.3     1031      751     1311 29.8 21.7 37.9  44617  39747  49487                                        Union Parish                                  LA est19-la.txt 16NOV2020
22 113    10017     8216    11818 17.0 13.9 20.1     3447     2442     4452 23.4 16.6 30.2     2499     1712     3286 22.9 15.7 30.1  50193  45758  54628                                        Vermilion Parish                              LA est19-la.txt 16NOV2020
22 115     6850     5645     8055 15.3 12.6 18.0     2419     1860     2978 21.1 16.2 26.0     1582     1155     2009 20.6 15.0 26.2  51652  48074  55230                                        Vernon Parish                                 LA est19-la.txt 16NOV2020
22 117    11062     8952    13172 24.9 20.1 29.7     3624     2647     4601 33.6 24.5 42.7     2472     1661     3283 31.9 21.4 42.4  35505  32057  38953                                        Washington Parish                             LA est19-la.txt 16NOV2020
22 119    10967     9817    12117 29.6 26.5 32.7     3145     2577     3713 37.3 30.6 44.0     1974     1484     2464 32.2 24.2 40.2  38386  33825  42947                                        Webster Parish                                LA est19-la.txt 16NOV2020
22 121     3734     2928     4540 14.4 11.3 17.5     1236      858     1614 19.7 13.7 25.7      869      578     1160 19.5 13.0 26.0  65344  59136  71552                                        West Baton Rouge Parish                       LA est19-la.txt 16NOV2020
22 123     2177     1662     2692 21.0 16.0 26.0      696      485      907 29.3 20.4 38.2      488      326      650 26.8 17.9 35.7  42614  37951  47277                                        West Carroll Parish                           LA est19-la.txt 16NOV2020
22 125     2261     1676     2846 22.1 16.4 27.8      488      334      642 19.3 13.2 25.4      333      216      450 17.7 11.5 23.9  65296  57697  72895                                        West Feliciana Parish                         LA est19-la.txt 16NOV2020
22 127     2852     2159     3545 23.4 17.7 29.1      813      560     1066 28.8 19.8 37.8      564      369      759 27.8 18.2 37.4  43166  38085  48247                                        Winn Parish                                   LA est19-la.txt 16NOV2020
